40 50
0 50.00 50.00 0
1 90.83 23.96 6
2 53.09 44.78 10
3 24.21 67.21 15
4 36.97 24.22 10
5 36.78 63.23 10
6 39.88 81.64 20
7 83.53 32.08 10
8 69.58 85.84 16
9 67.76 1.66 7
10 80.95 34.87 11
11 17.44 69.09 20
12 51.78 83.77 15
13 34.11 11.35 11
14 54.14 69.58 11
15 66.00 81.72 13
16 51.66 26.08 5
17 9.31 89.72 9
18 88.26 18.87 13
19 34.92 72.60 7
20 85.63 40.45 5
21 64.20 8.41 12
22 78.53 66.90 18
23 0.92 10.15 7
24 97.37 28.39 18
25 54.87 69.19 20
26 99.45 17.59 8
27 23.72 32.54 8
28 36.65 74.42 7
29 65.76 56.83 16
30 50.88 63.63 10
31 24.40 97.30 17
32 48.67 90.61 15
33 79.48 50.26 16
34 66.89 86.42 16
35 72.25 28.08 7
36 76.86 4.36 16
37 94.05 95.39 9
38 88.35 74.77 9
39 92.83 42.82 9
40 57.23 98.03 8
