60 50
0 50.00 50.00 0
1 31.90 84.49 14
2 34.06 26.07 11
3 11.82 69.67 17
4 93.66 3.92 13
5 80.35 28.20 14
6 42.35 56.85 7
7 99.05 41.26 6
8 25.00 58.05 11
9 93.08 85.84 5
10 67.98 73.99 7
11 10.31 90.26 18
12 49.66 38.96 17
13 89.55 38.92 16
14 95.85 84.71 13
15 31.93 95.01 20
16 48.25 49.30 20
17 44.84 29.32 13
18 55.37 21.27 9
19 79.16 78.96 17
20 93.09 97.42 18
21 54.95 44.15 11
22 54.59 70.58 19
23 14.30 76.15 16
24 86.69 83.85 18
25 70.10 7.28 6
26 89.19 14.66 17
27 8.48 98.66 20
28 86.31 88.04 5
29 94.72 98.60 8
30 35.02 70.82 7
31 77.71 55.84 15
32 24.87 33.03 18
33 49.26 1.14 16
34 57.15 74.10 12
35 11.75 64.92 5
36 68.10 23.75 13
37 37.49 28.57 12
38 52.84 43.63 14
39 1.22 96.99 17
40 32.27 4.34 9
41 99.30 7.38 7
42 69.54 7.54 19
43 62.94 69.57 19
44 99.58 69.69 7
45 90.12 4.54 16
46 95.87 5.79 10
47 45.57 62.01 12
48 16.97 64.68 12
49 35.34 58.37 16
50 36.03 25.99 15
51 69.82 53.61 5
52 41.12 60.28 20
53 16.26 91.09 17
54 94.05 41.66 9
55 61.34 41.82 12
56 87.67 55.16 9
57 2.64 37.65 5
58 48.04 98.53 15
59 59.41 38.09 10
60 82.92 56.91 5
