80 50
0 50.00 50.00 0
1 53.26 5.18 6
2 45.43 54.86 14
3 99.00 32.24 6
4 8.79 13.88 13
5 76.02 59.56 12
6 60.61 79.43 19
7 92.95 83.06 16
8 40.85 93.29 15
9 93.83 18.12 7
10 92.64 72.16 16
11 84.18 13.98 13
12 75.05 79.95 7
13 16.43 81.46 15
14 63.38 90.79 13
15 87.72 39.24 12
16 45.19 71.38 20
17 46.27 30.14 11
18 43.87 57.75 5
19 89.96 38.39 18
20 6.66 22.90 11
21 11.69 93.98 11
22 73.05 69.37 8
23 79.40 62.01 8
24 74.15 57.32 17
25 15.17 31.17 9
26 77.86 14.31 8
27 56.99 76.25 15
28 75.46 10.29 17
29 11.06 84.65 12
30 60.40 50.23 12
31 14.99 22.93 16
32 77.19 1.22 7
33 69.39 54.27 15
34 59.90 82.68 18
35 90.85 58.34 12
36 42.36 28.79 15
37 15.34 58.62 18
38 10.08 25.60 12
39 87.21 93.21 8
40 91.88 79.01 9
41 70.72 15.25 16
42 37.44 6.89 7
43 73.64 93.44 10
44 91.07 12.28 9
45 98.48 83.89 10
46 83.75 33.21 10
47 51.88 59.13 9
48 37.93 74.42 14
49 80.29 0.46 13
50 11.43 41.45 14
51 91.99 34.63 6
52 48.08 91.85 20
53 22.46 45.24 7
54 24.82 57.76 8
55 41.89 91.48 5
56 78.05 27.76 14
57 1.31 66.35 11
58 97.55 45.90 8
59 41.46 8.53 17
60 18.45 29.96 20
61 6.71 75.00 15
62 79.98 34.94 18
63 19.07 3.65 18
64 83.66 58.75 5
65 77.55 45.33 6
66 53.45 48.11 18
67 55.96 15.52 5
68 33.44 7.55 7
69 37.33 27.07 18
70 52.66 80.07 11
71 15.62 71.60 17
72 40.80 55.17 7
73 23.11 67.19 17
74 59.50 33.93 9
75 17.85 65.27 19
76 72.08 80.53 12
77 72.23 85.57 15
78 96.26 94.44 10
79 20.50 29.31 20
80 8.69 63.32 5
