90 50
0 50.00 50.00 0
1 20.79 2.65 17
2 87.64 64.29 6
3 89.27 81.74 8
4 33.59 82.51 7
5 59.03 26.81 9
6 34.52 77.38 13
7 43.61 29.45 8
8 97.45 77.98 5
9 86.85 48.74 18
10 47.11 18.21 6
11 2.25 26.87 12
12 69.88 40.26 13
13 13.94 83.49 8
14 13.23 90.06 6
15 27.23 1.84 6
16 52.97 81.51 13
17 27.41 55.42 13
18 49.75 72.02 9
19 1.10 13.69 13
20 26.65 73.22 6
21 60.05 66.50 11
22 57.33 83.81 9
23 38.31 51.89 20
24 35.39 95.86 5
25 8.28 60.32 14
26 6.82 83.71 15
27 35.57 71.90 11
28 61.04 94.93 11
29 66.37 93.68 9
30 48.38 26.99 19
31 26.23 59.51 15
32 84.64 95.52 15
33 33.42 77.09 9
34 34.44 35.15 5
35 49.55 68.84 14
36 45.97 7.59 6
37 79.94 69.47 18
38 0.53 10.31 9
39 9.16 91.73 17
40 79.00 69.06 5
41 18.51 54.19 12
42 75.84 63.89 5
43 65.88 69.23 10
44 98.06 90.34 16
45 22.12 98.77 17
46 66.99 4.42 20
47 92.52 18.06 9
48 47.32 31.29 19
49 69.74 29.73 20
50 11.53 42.18 17
51 47.42 86.20 11
52 45.51 52.24 11
53 3.70 59.63 7
54 56.07 48.11 7
55 69.63 33.99 11
56 40.45 57.24 12
57 53.95 79.07 13
58 73.79 52.02 17
59 61.59 23.30 11
60 46.19 99.03 15
61 87.47 52.89 20
62 93.26 7.00 18
63 35.07 76.72 17
64 3.76 47.98 20
65 87.37 98.41 14
66 9.17 33.64 8
67 73.76 23.88 7
68 46.73 29.70 6
69 29.63 23.36 13
70 27.73 91.03 19
71 42.78 38.43 12
72 12.44 95.64 9
73 78.63 8.94 10
74 98.23 88.42 12
75 46.74 61.34 13
76 74.34 6.50 12
77 94.27 64.96 9
78 83.06 12.03 15
79 17.65 22.05 5
80 95.73 82.62 9
81 5.78 96.91 5
82 51.83 59.73 5
83 17.39 39.62 6
84 49.12 99.63 7
85 81.58 22.44 12
86 74.79 3.49 8
87 58.01 9.15 13
88 39.12 27.30 17
89 88.87 95.57 16
90 3.54 32.91 13
