50 50
0 50.00 50.00 0
1 29.44 38.51 11
2 26.85 48.53 6
3 55.68 93.62 14
4 93.00 7.04 6
5 61.50 99.01 6
6 25.42 29.53 14
7 74.08 69.70 15
8 70.89 55.28 14
9 80.94 81.01 13
10 61.15 8.16 11
11 50.15 79.83 5
12 7.09 39.68 18
13 89.00 33.80 16
14 57.89 43.85 19
15 3.59 46.56 19
16 98.18 83.89 14
17 3.05 3.73 10
18 30.33 53.71 9
19 52.22 77.00 16
20 96.53 45.73 10
21 5.17 53.14 19
22 69.95 13.84 20
23 97.59 51.63 18
24 4.11 39.88 7
25 43.90 7.85 9
26 18.43 8.09 19
27 69.60 40.90 14
28 91.52 44.24 20
29 54.92 71.46 12
30 93.46 63.83 17
31 73.79 55.44 10
32 73.00 4.77 14
33 35.60 75.78 13
34 34.19 9.18 19
35 4.07 85.55 8
36 17.53 1.72 14
37 49.16 47.35 5
38 46.47 64.98 14
39 61.59 63.51 6
40 26.09 1.53 7
41 50.31 85.65 9
42 68.40 61.59 20
43 64.24 2.65 20
44 63.64 80.09 16
45 38.82 64.33 5
46 81.12 82.06 16
47 38.61 96.12 14
48 20.67 27.40 16
49 10.08 1.82 7
50 61.83 33.66 14
