100 50
0 50.00 50.00 0
1 55.09 8.70 12
2 25.26 0.51 15
3 72.34 49.59 10
4 96.21 10.95 16
5 7.61 85.12 12
6 88.29 51.61 7
7 82.47 34.78 6
8 54.38 86.45 5
9 87.86 79.74 12
10 24.53 15.73 20
11 70.84 83.70 13
12 93.01 10.58 15
13 75.27 15.86 15
14 96.13 46.55 19
15 82.58 12.89 15
16 22.86 90.87 6
17 81.80 83.21 17
18 25.87 19.31 17
19 61.69 98.12 5
20 11.58 37.67 20
21 54.00 77.98 10
22 28.33 1.84 13
23 96.30 34.19 16
24 17.95 75.37 10
25 93.72 68.79 6
26 94.73 16.64 16
27 6.74 58.22 5
28 5.79 7.47 6
29 87.15 97.35 17
30 44.60 64.76 8
31 75.83 2.46 15
32 82.15 37.18 20
33 77.04 68.33 14
34 15.89 46.85 8
35 42.62 45.14 11
36 52.70 82.59 15
37 22.08 8.24 18
38 23.01 13.13 7
39 95.09 15.11 16
40 73.13 90.95 9
41 63.85 39.76 13
42 44.23 31.20 14
43 89.41 23.00 17
44 20.04 86.81 12
45 36.85 86.44 20
46 54.32 15.92 13
47 86.86 77.66 19
48 45.37 53.04 11
49 62.62 13.12 9
50 91.18 96.75 8
51 79.65 48.15 18
52 59.83 60.73 8
53 43.03 20.05 13
54 16.08 65.15 9
55 26.90 79.76 15
56 98.44 14.96 9
57 7.24 39.25 18
58 97.47 72.19 15
59 69.50 86.01 10
60 90.78 72.43 7
61 10.49 24.20 13
62 57.09 1.84 10
63 61.82 70.25 14
64 77.58 94.12 5
65 51.77 8.79 17
66 8.25 82.45 14
67 39.69 13.27 11
68 20.09 69.32 19
69 20.02 16.75 5
70 95.15 12.42 15
71 3.16 93.62 11
72 61.29 29.88 16
73 87.10 71.41 18
74 78.34 61.23 19
75 8.01 89.48 8
76 59.75 78.38 19
77 64.36 52.64 14
78 43.86 72.48 16
79 24.71 15.95 17
80 61.57 32.90 18
81 33.69 18.21 11
82 43.37 4.37 16
83 55.54 71.92 10
84 33.23 54.25 15
85 65.03 19.95 7
86 22.06 41.84 19
87 25.77 46.26 18
88 96.08 41.59 12
89 42.55 34.59 16
90 76.77 50.48 6
91 86.70 57.87 8
92 2.94 39.55 8
93 87.34 90.07 10
94 65.50 99.21 14
95 91.24 21.07 17
96 46.58 83.60 5
97 13.16 71.58 20
98 60.19 63.25 18
99 97.14 18.10 9
100 6.91 43.72 10
