30 50
0 50.00 50.00 0
1 72.90 77.13 9
2 92.63 65.11 16
3 86.31 62.33 6
4 9.54 37.08 18
5 32.52 72.96 12
6 27.47 56.12 7
7 11.96 71.32 5
8 72.17 23.60 18
9 49.38 52.27 19
10 11.09 43.93 7
11 3.14 63.64 8
12 56.33 69.55 9
13 24.93 41.04 15
14 20.31 94.29 11
15 28.98 16.12 6
16 62.44 29.56 9
17 87.15 80.37 16
18 41.65 88.33 20
19 80.74 89.61 11
20 90.68 27.21 15
21 42.71 81.80 13
22 30.48 16.47 15
23 41.74 22.21 7
24 26.94 24.41 15
25 32.32 51.88 13
26 40.38 6.49 14
27 96.24 25.18 6
28 71.23 14.81 12
29 3.69 60.96 6
30 41.10 3.31 20
