70 50
0 50.00 50.00 0
1 46.87 41.48 5
2 1.37 7.54 16
3 81.29 99.97 10
4 91.32 58.51 9
5 94.48 84.96 5
6 24.11 20.50 5
7 95.41 60.62 18
8 87.82 75.70 6
9 35.82 11.36 14
10 49.82 47.62 7
11 52.02 85.22 10
12 96.80 8.84 15
13 40.35 13.40 19
14 42.05 78.47 18
15 70.41 21.30 10
16 61.73 98.05 6
17 58.99 39.22 15
18 9.10 72.64 13
19 51.40 78.37 16
20 29.80 52.36 5
21 94.95 14.71 12
22 84.21 76.89 8
23 45.91 98.00 9
24 34.74 20.91 15
25 24.01 7.59 13
26 46.01 58.48 15
27 13.88 64.09 12
28 69.65 41.17 20
29 47.40 66.76 6
30 60.19 22.38 9
31 16.89 27.86 17
32 3.18 54.87 9
33 46.08 20.63 6
34 12.87 33.01 15
35 3.93 79.94 13
36 68.78 51.17 15
37 92.09 6.11 14
38 86.83 8.45 7
39 18.45 20.93 19
40 92.40 23.61 16
41 36.89 46.25 17
42 6.23 14.77 7
43 71.33 89.52 18
44 74.96 3.05 6
45 44.74 53.26 19
46 10.49 73.74 16
47 2.01 32.21 11
48 8.92 53.53 13
49 89.05 59.36 8
50 35.51 64.88 6
51 8.69 53.71 6
52 55.77 58.65 16
53 12.76 28.38 10
54 89.96 60.76 15
55 35.61 98.65 9
56 93.37 0.75 9
57 15.29 24.60 8
58 85.08 8.79 18
59 17.34 89.68 11
60 5.16 1.82 9
61 98.24 11.20 6
62 57.60 91.74 19
63 81.71 25.79 12
64 72.29 82.09 6
65 55.68 57.16 7
66 83.86 20.51 14
67 32.37 42.54 5
68 73.62 52.98 5
69 61.06 28.86 9
70 50.61 93.20 17
